seed,dataset,data_dim,algorithm,depth,accuracy,coverage,density,f_score,gini_coverage_all_leaves,gini_density_all_leaves,splits,leaves,total_active_feature_count,avg_active_feature_count,runtime
8,radial_segment_3d_fuzziness_003_10000_samples_dim_20,20,oc1,0,0.6934,0.0,,,0.0,0.0,0,1,0,0.0,0.0005262633785605431
8,radial_segment_3d_fuzziness_003_10000_samples_dim_20,20,oc1,1,0.6934,0.0,,,0.33431180691454676,0.122634869913407,1,2,20,0.0,335.6323651089333
8,radial_segment_3d_fuzziness_003_10000_samples_dim_20,20,oc1,2,0.6934,0.0,,,0.4368884540117417,0.18197850607529742,3,4,20,20.0,553.4199362080544
8,radial_segment_3d_fuzziness_003_10000_samples_dim_20,20,oc1,3,0.6934,0.0,,,0.5521037181996087,0.24887912770381715,7,8,20,20.0,690.8452638229355
8,radial_segment_3d_fuzziness_003_10000_samples_dim_20,20,oc1,4,0.694,0.007175472928897586,0.5789473684210527,0.014175257731958763,0.6291992824527073,0.36333471282008745,15,16,20,20.0,795.2218783097342
8,radial_segment_3d_fuzziness_003_10000_samples_dim_20,20,oc1,5,0.6986,0.13861709067188518,0.5325814536340853,0.21997929606625258,0.6637747336377473,0.3982932458269557,29,30,20,20.0,876.4767386340536
8,radial_segment_3d_fuzziness_003_10000_samples_dim_20,20,oc1,6,0.7089,0.18917155903457272,0.5771144278606966,0.2849422746253992,0.7464703085785045,0.4582225485949263,58,59,20,20.0,926.612863344606
8,radial_segment_3d_fuzziness_003_10000_samples_dim_20,20,oc1,7,0.7379,0.5136986301369864,0.5822550831792976,0.5458326113325247,0.7847979374398162,0.5041974989920619,104,105,20,20.0,990.0502104358748
8,radial_segment_3d_fuzziness_003_10000_samples_dim_20,20,oc1,8,0.7744,0.6604696673189824,0.625,0.6422454804947669,0.7524565711460398,0.49381410763033395,156,157,20,20.0,1031.9059424758889
8,radial_segment_3d_fuzziness_003_10000_samples_dim_20,20,oc1,9,0.7999,0.7465753424657534,0.6515798462852262,0.6958504331965343,0.7823868905016393,0.5103694938722507,222,223,20,20.0,1112.1765279811807
8,radial_segment_3d_fuzziness_003_10000_samples_dim_20,20,oc1,10,0.8277,0.7351598173515982,0.7121642969984202,0.7234793773070133,0.8197647661468146,0.5042460618092073,325,326,20,20.0,1167.6102452031337
8,radial_segment_3d_fuzziness_003_10000_samples_dim_20,20,oc1,11,0.8748,0.8594259621656882,0.7624421296296297,0.8080343452928549,0.7921410605759196,0.512044968467849,422,423,20,20.0,1213.5679457359947
8,radial_segment_3d_fuzziness_003_10000_samples_dim_20,20,oc1,12,0.8892,0.8623613829093281,0.793993993993994,0.8267667292057537,0.7763026852321626,0.4954437873622004,485,486,20,20.0,1255.3080842448398
